98
408.794006 308.996002
407.471310 330.610558
406.096337 352.221840
404.624119 373.826706
402.985254 395.419510
401.685245 417.033241
402.420816 438.657761
406.930935 459.801568
415.277565 479.753256
426.853549 498.027159
441.008446 514.393173
457.092464 528.875690
474.590830 541.619052
493.104492 552.842067
512.613064 562.207273
533.451640 567.919541
555.030913 568.038515
571.574724 563.448277
585.816318 553.910628
597.083637 540.917485
607.636981 527.311073
618.655619 514.075231
628.782765 500.150747
637.754464 485.453060
645.850546 470.254393
652.923805 454.555632
658.569817 438.291825
662.597300 421.552575
665.634204 404.600106
668.542448 387.624582
671.623573 370.679557
674.794189 353.751018
678.012390 336.831451
468.454041 305.976044
495.721985 285.704987
518.511047 288.143005
541.263000 293.716003
561.680054 302.613007
558.929993 316.721008
539.506042 306.626007
516.372009 302.324005
493.200043 301.157043
612.275085 313.826996
628.171021 309.585022
642.731018 307.463989
658.494019 307.136993
671.583984 326.725006
656.723999 320.864044
640.882080 320.419006
626.215027 322.071960
610.801025 325.205994
592.429016 330.596985
592.698957 354.188898
592.400444 377.774228
596.930435 400.741615
541.593018 402.151001
560.710738 412.319529
581.055366 419.300178
595.282392 415.974488
608.967773 410.380066
488.958466 320.538605
501.288350 315.997556
514.317867 314.738869
528.631322 319.210632
539.817993 329.316986
527.695940 328.827333
515.587125 328.116267
501.971059 325.413456
609.750000 337.639008
625.045490 331.183799
641.454698 331.996479
648.265548 335.149658
654.596313 339.201416
648.597628 340.608258
642.490985 341.384202
626.089607 339.880560
499.320496 438.605499
531.682993 434.486710
564.513468 436.986574
573.833185 439.199782
583.472958 441.078286
601.928052 444.177732
619.401123 450.868744
603.639603 463.566557
587.539958 475.789866
568.033877 479.639069
540.732350 473.351593
515.590798 461.167520
500.696503 439.474976
536.912226 439.176821
572.883521 443.936353
595.154528 445.789946
616.877075 451.110962
595.135133 466.482387
569.121390 471.115692
531.257380 463.134957
512.800000 320.457143
630.582609 334.879503
