98
163.585999 214.641998
163.212543 223.311299
163.008823 231.985966
163.150175 240.661278
163.819604 249.310923
165.199250 257.874723
167.433717 266.255251
170.570265 274.340985
174.623885 282.007444
179.581198 289.122751
185.365034 295.584286
191.897949 301.286850
199.111740 306.097800
206.926621 309.851283
215.201872 312.440855
223.743943 313.918244
232.214965 312.571176
236.362626 309.177117
239.114008 304.533385
241.630196 299.751363
245.187442 295.688925
249.051965 291.904260
252.639587 287.859547
255.766717 283.448590
258.473331 278.767127
260.768576 273.870997
262.538134 268.762770
263.619771 263.467536
264.068654 258.078205
264.424626 252.681071
265.291459 247.346336
266.976488 242.212807
269.293762 237.326233
204.078995 216.587006
217.742004 213.566986
229.134003 214.667023
240.503006 218.106018
248.210007 223.574982
246.639999 227.988998
238.876022 222.317978
227.973007 218.645020
216.606979 217.595978
264.346985 228.422989
266.648987 227.802002
268.678986 227.001999
270.308014 226.332001
271.558990 227.220001
269.837006 228.289001
268.118011 229.453003
266.045990 230.369995
263.606995 231.019012
254.317993 241.656006
256.325643 251.409652
257.238578 261.307475
258.422360 271.137888
238.397003 272.174011
244.661188 274.574299
251.022090 276.691874
255.949115 276.766683
259.885925 273.845062
215.645004 232.654999
221.962098 233.076843
228.247045 233.783747
233.116444 234.661367
235.941055 238.778610
229.897673 239.273196
223.865069 238.915774
219.101114 236.670009
257.855988 245.160004
260.202375 242.978795
263.550825 243.305992
265.306026 244.287457
265.506958 246.401169
263.736425 247.961452
261.378034 248.020757
258.955344 247.390018
221.770508 284.436005
232.414265 285.270162
243.045788 285.166583
245.934887 287.492364
246.019440 287.629884
246.393850 288.283564
246.750977 288.946899
245.611195 290.351379
244.278746 291.568158
242.602931 292.198261
235.561639 289.875903
228.452527 287.627728
223.218002 284.911987
233.697704 286.611721
244.123213 288.636535
244.755796 288.746354
245.388474 288.855621
244.622608 288.723303
243.856914 288.589997
233.563993 286.591931
227.243478 237.084472
262.685714 245.913043
