98
777.932007 324.312012
777.907748 329.426727
777.977630 334.540877
778.233808 339.648817
778.754082 344.736364
779.596076 349.780330
780.818820 354.745308
782.481092 359.580336
784.636270 364.215978
787.303518 368.577004
790.442973 372.611635
794.005380 376.278260
797.949212 379.530997
802.234372 382.318397
806.821687 384.572951
811.672990 386.178349
816.716176 386.993885
821.450043 386.942389
826.073243 385.945678
830.183396 383.632646
833.733801 380.493131
837.458461 377.567906
841.285378 374.774821
844.530432 371.334997
846.897483 367.238193
848.446890 362.764309
849.507368 358.144436
850.760667 353.575201
852.464012 349.152298
854.150689 344.723214
855.325327 340.135366
855.819329 335.423626
855.970215 330.685974
798.343018 318.794983
803.208008 317.042969
808.054993 316.720978
812.109924 317.170959
816.302979 318.924988
815.973999 321.894958
811.607910 321.696960
807.460938 320.808014
802.862976 320.154968
834.710022 321.351959
839.206970 321.153961
843.034912 321.809998
846.901978 322.122986
851.043030 325.135986
846.607971 325.804962
842.728943 325.606964
838.901001 324.950012
834.431030 323.873962
826.770020 330.739014
827.001442 337.586686
826.408564 344.397419
828.283832 350.759281
815.028015 352.967010
819.848724 353.375370
824.260289 355.476994
827.545334 354.894791
830.886963 354.975006
795.580627 327.782349
801.371511 324.325938
808.133127 324.514070
811.899199 326.422636
814.640015 329.683014
811.310032 331.915312
807.387137 332.524703
800.885503 331.543770
831.934998 332.825012
837.217277 328.808514
843.908746 328.934683
846.647342 330.584359
848.746643 333.031494
846.563881 335.097247
843.820042 336.236610
837.379627 336.046643
802.744507 364.517029
810.650455 362.442315
818.898102 363.306822
822.680882 363.350557
826.238595 363.648455
831.308968 365.400186
835.993469 368.041687
831.193814 370.282257
826.458935 372.650664
821.250420 373.305576
814.378202 371.960289
808.969432 367.592342
806.112000 364.684998
814.103635 366.221595
821.918782 368.288157
827.951309 367.717061
833.999695 368.053040
827.937088 367.717557
821.890346 368.289295
814.090324 366.216564
804.743713 328.340120
839.119760 332.823952
