98
829.524353 248.102402
829.368265 252.939947
829.195840 257.776932
828.990485 262.612621
828.736623 267.445995
828.417989 272.275507
828.012543 277.098484
827.522114 281.913576
826.896168 286.712629
826.243937 291.507281
826.335082 296.340294
826.639595 301.169683
826.573204 306.008384
826.219348 310.834859
825.841557 315.656874
827.055434 320.287114
830.208506 323.916052
837.491834 326.807553
845.395683 326.595180
853.204910 325.217342
861.025684 323.903500
868.837920 322.540910
876.553300 320.716649
884.036842 318.105660
891.127678 314.568319
897.572648 309.965241
902.904641 304.121551
906.613824 297.133962
908.925960 289.555117
910.436019 281.771186
911.661287 273.935905
912.838903 266.093281
913.992004 258.247009
825.083008 245.462982
827.747925 241.313004
829.591003 241.964020
831.324951 243.155975
833.203979 244.095993
832.560059 247.144989
830.710022 246.697006
828.867004 246.045990
826.952026 245.756989
841.782959 241.592987
850.192932 240.619019
858.416931 241.781021
865.711914 243.966003
872.774048 250.934998
864.968018 248.889999
857.116028 247.076981
849.031006 246.425003
841.179016 245.820023
835.142029 250.552002
829.607433 258.707167
824.016897 266.819660
819.118952 275.284274
826.360046 283.187988
827.158609 283.169494
827.957192 283.151879
833.398402 283.123498
838.835022 283.351013
830.018494 252.017441
830.228346 250.540787
831.348821 249.611849
832.805523 250.465138
832.568970 252.222000
832.287630 252.809633
831.803928 253.234555
830.607365 253.109080
852.453003 253.477005
852.942739 251.975693
853.907805 250.762197
858.375269 251.579905
862.604919 253.646378
856.866400 255.879197
852.453003 253.477005
852.453003 253.477005
827.530090 297.392975
827.350777 296.549475
827.238745 295.695082
827.259674 296.380257
830.982322 294.559792
838.539255 296.456806
845.880981 299.098999
840.271554 300.053221
834.618771 300.712238
828.944896 301.133484
827.149172 300.876321
826.950472 299.146010
827.569397 297.392578
828.354424 297.493192
829.139747 297.591474
836.657240 298.119237
844.151978 298.855988
836.948703 298.127732
829.718752 297.661059
828.643704 297.529797
831.339012 250.787053
852.068143 250.541738
