98
269.675995 441.393005
278.832401 453.371306
288.131130 465.239234
297.711281 476.880703
307.703008 488.170180
318.222951 498.968148
329.351849 509.136471
341.117976 518.559350
353.525507 527.118965
366.565274 534.679167
380.204180 541.093882
394.378242 546.216407
408.988743 549.912505
423.901948 552.076560
438.962175 552.287235
453.744533 549.525685
467.052215 542.592687
476.248925 533.521139
483.506695 522.818130
489.009087 511.111686
492.714280 498.718175
494.602082 485.919681
494.853031 472.981850
493.855124 460.076574
492.012108 447.262578
489.692070 434.525206
487.060021 421.848816
483.488084 409.412433
478.296010 397.562512
472.046585 386.224214
465.807048 374.879980
459.880275 363.369168
454.103210 351.782227
303.800964 417.841980
306.868011 394.752014
323.086975 383.751007
340.328003 375.549988
357.588013 372.350006
363.648010 381.845001
347.221008 385.720001
329.247009 392.449036
313.178986 402.271973
394.471008 361.646027
402.783997 348.359985
413.684998 338.764038
426.394989 330.706024
446.179993 340.783020
432.776001 344.247040
419.372986 350.908997
408.748993 361.062988
399.291992 370.536041
395.828003 395.337006
407.550183 411.314234
419.277510 427.146041
426.251587 440.535980
405.227997 460.368988
416.856256 458.729119
427.930548 454.965953
435.815525 447.836107
441.442902 438.727142
329.846008 430.920990
341.013521 427.133688
351.296976 421.426275
357.834942 415.614417
363.826630 409.232056
358.138720 415.307856
351.980161 420.898759
341.412551 426.969264
415.947998 387.960999
428.089113 385.409278
439.177229 379.921207
443.552059 376.758504
447.808350 373.436981
443.693763 376.650477
439.471872 379.720747
428.258808 385.354938
399.239502 501.142517
412.232664 485.885928
429.278168 476.616144
433.667590 474.133110
438.093358 471.084595
452.185437 470.729393
466.625977 470.167053
461.274689 480.999402
456.392386 492.032979
446.737043 498.917606
431.182030 502.970770
415.149486 503.497465
402.721008 499.303009
417.777627 486.675318
435.765255 478.462296
448.978104 472.764292
463.368439 471.839874
452.681512 480.940381
441.831834 489.830002
422.742742 496.064751
352.214724 421.079755
440.165644 381.030675
